[0, 0, 0, 0, 0, 0, 0, 0, 0, 0, 0, 0, 0, 0, 0, 0, 0, 0, 0, 0, 0, 0, 0, 0, 0, 0, 0, 0, 0, 0, 0, 0;
 0, 0, 0, 0, 0, 0, 0, 0, 0, 0, 0, 0, 0, 0, 0, 0, 0, 0, 0, 0, 0, 0, 0, 0, 0, 0, 0, 0, 0, 0, 0, 0;
 0, 0, 0, 0, 0, 0, 0, 0, 0, 0, 0, 0, 0, 0, 0, 0, 0, 0, 0, 0, 0, 0, 0, 0, 0, 0, 0, 0, 0, 0, 0, 0;
 0, 0, 9.272727, 38.084415, 0, 0, 0, 0, 0, 0, 0, 0, 0, 0, 0, 0, 0, 0, 0, 0, 0, 0, 0, 0, 0, 0, 0, 0, 0, 0, 0, 0;
 0, 0, 0.66233766, 255, 45.03896, 0, 0, 0, 0, 0, 0, 0, 0, 0, 0, 0, 0, 0, 0, 0, 0, 0, 0, 0, 0, 0, 0, 0, 0, 0, 0, 0;
 0, 0, 0, 28.149351, 176.18182, 24.175325, 0.99350649, 0, 0, 0, 0, 0, 0, 0, 0, 0, 0, 0, 0, 0, 0, 0, 0, 0, 0, 0, 0, 0, 0, 0, 0, 0;
 0, 0, 0, 0, 26.493507, 84.448051, 7.2857141, 0, 0, 0, 0, 0, 0, 0, 0, 0, 0, 0, 0, 0, 0, 0, 0, 0, 0, 0, 0, 0, 0, 0, 0, 0;
 0, 0, 0, 0, 1.3246753, 26.162338, 42.058441, 3.974026, 0.33116883, 0, 0, 0, 0, 0, 0, 0, 0, 0, 0, 0, 0, 0, 0, 0, 0, 0, 0, 0, 0, 0, 0, 0;
 0, 0, 0, 0, 0, 1.6558442, 21.857143, 27.487013, 1.987013, 0, 0, 0, 0, 0, 0, 0, 0, 0, 0, 0, 0, 0, 0, 0, 0, 0, 0, 0, 0, 0, 0, 0;
 0, 0, 0, 0, 0, 0, 3.3116884, 22.51948, 13.909091, 0.99350649, 0, 0, 0, 0, 0, 0, 0, 0, 0, 0, 0, 0, 0, 0, 0, 0, 0, 0, 0, 0, 0, 0;
 0, 0, 0, 0, 0, 0, 0.99350649, 4.3051949, 19.870131, 6.9545455, 0, 0, 0, 0, 0, 0, 0, 0, 0, 0, 0, 0, 0, 0, 0, 0, 0, 0, 0, 0, 0, 0;
 0, 0, 0, 0, 0, 0, 0, 0.99350649, 6.2922077, 14.24026, 2.9805195, 0, 0, 0, 0, 0, 0, 0, 0, 0, 0, 0, 0, 0, 0, 0, 0, 0, 0, 0, 0, 0;
 0, 0, 0, 0, 0, 0, 0, 0, 0.99350649, 5.2987013, 7.9480519, 1.3246753, 0, 0, 0, 0, 0, 0, 0, 0, 0, 0, 0, 0, 0, 0, 0, 0, 0, 0, 0, 0;
 0, 0, 0, 0, 0, 0, 0, 0, 0.33116883, 1.6558442, 7.6168833, 5.2987013, 0.66233766, 0, 0, 0, 0, 0, 0, 0, 0, 0, 0, 0, 0, 0, 0, 0, 0, 0, 0, 0;
 0, 0, 0, 0, 0, 0, 0, 0, 0, 0.66233766, 1.3246753, 4.3051949, 1.6558442, 0.33116883, 0, 0, 0, 0, 0, 0, 0, 0, 0, 0, 0, 0, 0, 0, 0, 0, 0, 0;
 0, 0, 0, 0, 0, 0, 0, 0, 0, 0.33116883, 0.99350649, 0.99350649, 2.3181818, 0.99350649, 0.33116883, 0, 0, 0, 0, 0, 0, 0, 0, 0, 0, 0, 0, 0, 0, 0, 0, 0;
 0, 0, 0, 0, 0, 0, 0, 0, 0, 0, 0, 0, 1.3246753, 2.6493506, 0.66233766, 0.66233766, 0, 0, 0, 0, 0, 0, 0, 0, 0, 0, 0, 0, 0, 0, 0, 0;
 0, 0, 0, 0, 0, 0, 0, 0, 0, 0, 0, 0, 0.33116883, 1.3246753, 0, 0, 0, 0, 0, 0, 0, 0, 0, 0, 0, 0, 0, 0, 0, 0, 0, 0;
 0, 0, 0, 0, 0, 0, 0, 0, 0, 0, 0, 0, 0, 0.66233766, 1.6558442, 0.33116883, 0.66233766, 0, 0, 0, 0, 0, 0, 0, 0, 0, 0, 0, 0, 0, 0, 0;
 0, 0, 0, 0, 0, 0, 0, 0, 0, 0, 0, 0, 0.33116883, 0, 0.33116883, 0.66233766, 0, 0.33116883, 0, 0, 0, 0, 0, 0, 0, 0, 0, 0, 0, 0, 0, 0;
 0, 0, 0, 0, 0, 0, 0, 0, 0, 0, 0, 0, 0, 0.66233766, 0, 1.3246753, 1.3246753, 0, 0, 0, 0, 0, 0, 0, 0, 0, 0, 0, 0, 0, 0, 0;
 0, 0, 0, 0, 0, 0, 0, 0, 0, 0, 0, 0, 0, 0, 0, 0.33116883, 0.33116883, 0.33116883, 0.33116883, 0, 0, 0, 0, 0, 0, 0, 0, 0, 0, 0, 0, 0;
 0, 0, 0, 0, 0, 0, 0, 0, 0, 0, 0, 0, 0, 0, 0, 0, 1.3246753, 0.33116883, 0, 0, 0, 0, 0, 0, 0, 0, 0, 0, 0, 0, 0, 0;
 0, 0, 0, 0, 0, 0, 0, 0, 0, 0, 0, 0, 0, 0, 0, 0, 0.66233766, 0.99350649, 0, 0.99350649, 0, 0, 0, 0, 0, 0, 0, 0, 0, 0, 0, 0;
 0, 0, 0, 0, 0, 0, 0, 0, 0, 0, 0, 0, 0, 0, 0, 0, 0.33116883, 1.3246753, 0.66233766, 0.66233766, 0.66233766, 0, 0, 0, 0, 0, 0, 0, 0, 0, 0, 0;
 0, 0, 0, 0, 0, 0, 0, 0, 0, 0, 0, 0, 0, 0, 0, 0, 0, 0.33116883, 0.99350649, 0.33116883, 0, 0, 0, 0, 0, 0, 0, 0, 0, 0, 0, 0;
 0, 0, 0, 0, 0, 0, 0, 0, 0, 0, 0, 0, 0, 0, 0, 0, 0, 0, 0, 0, 0.33116883, 0, 0, 0, 0, 0, 0, 0, 0, 0, 0, 0;
 0, 0, 0, 0, 0, 0, 0, 0, 0, 0, 0, 0, 0, 0, 0, 0, 0, 0, 0, 0.33116883, 0.66233766, 0.33116883, 0, 0, 0, 0, 0, 0, 0, 0, 0, 0;
 0, 0, 0, 0, 0, 0, 0, 0, 0, 0, 0, 0, 0, 0, 0, 0, 0, 0, 0, 0, 0, 0.33116883, 0.33116883, 0, 0, 0, 0, 0, 0, 0, 0, 0;
 0, 0, 0, 0, 0, 0, 0, 0, 0, 0, 0, 0, 0, 0, 0, 0, 0, 0, 0, 0, 0, 0, 0, 0, 0, 0, 0, 0, 0, 0, 0, 0]